1 0.482843 0.627451 0.240196 0.281046
1 0.898284 0.488562 0.154412 0.245098
1 0.846814 0.318627 0.154412 0.192810
1 0.732843 0.387255 0.166667 0.251634
1 0.674020 0.238562 0.132353 0.169935
1 0.796569 0.127451 0.151961 0.228758
1 0.599265 0.354575 0.183824 0.160131
1 0.480392 0.339869 0.132353 0.189542
1 0.355392 0.351307 0.132353 0.179739
1 0.242647 0.413399 0.142157 0.179739
1 0.121324 0.493464 0.178922 0.189542
1 0.138480 0.341503 0.174020 0.192810
1 0.263480 0.248366 0.139706 0.169935
1 0.133578 0.165033 0.198529 0.251634
1 0.417892 0.209150 0.134804 0.137255
1 0.419118 0.068627 0.093137 0.111111
1 0.615196 0.096405 0.142157 0.166667
1 0.546569 0.207516 0.132353 0.192810
