0 0.050360 0.166667 0.093525 0.313725
0 0.194245 0.137255 0.093525 0.235294
0 0.399281 0.169935 0.129496 0.333333
0 0.638489 0.331699 0.082734 0.232026
0 0.715827 0.168301 0.100719 0.303922
0 0.830935 0.088235 0.071942 0.169935
0 0.933453 0.107843 0.068345 0.209150
0 0.284173 0.390523 0.115108 0.290850
0 0.366906 0.457516 0.115108 0.235294
0 0.465827 0.459150 0.061151 0.225490
0 0.559353 0.436275 0.111511 0.264706
0 0.658273 0.508170 0.086331 0.160131
0 0.741007 0.464052 0.115108 0.281046
0 0.232014 0.671569 0.089928 0.303922
0 0.138489 0.437908 0.068345 0.254902
0 0.575540 0.674837 0.093525 0.199346
0 0.661871 0.684641 0.079137 0.179739
0 0.735612 0.843137 0.082734 0.143791
0 0.651079 0.877451 0.086331 0.205882
0 0.334532 0.826797 0.079137 0.117647
0 0.084532 0.820261 0.082734 0.124183
0 0.095324 0.669935 0.089928 0.156863
