0 0.131661 0.222393 0.087774 0.322086
0 0.257053 0.196319 0.100313 0.319018
0 0.390282 0.220859 0.084639 0.361963
0 0.514107 0.207055 0.062696 0.340491
0 0.619122 0.187117 0.084639 0.288344
0 0.760188 0.159509 0.090909 0.288344
0 0.858934 0.161043 0.075235 0.230061
0 0.905956 0.546012 0.075235 0.190184
0 0.388715 0.538344 0.094044 0.199387
0 0.225705 0.546012 0.081505 0.245399
0 0.125392 0.599693 0.068966 0.273006
0 0.274295 0.785276 0.053292 0.177914
0 0.454545 0.555215 0.075235 0.208589
0 0.512539 0.627301 0.072100 0.162577
0 0.570533 0.682515 0.043887 0.144172
0 0.656740 0.616564 0.065831 0.122699
0 0.587774 0.518405 0.059561 0.147239
0 0.838558 0.509202 0.072100 0.239264
0 0.785266 0.384969 0.078370 0.156442
