0 0.191111 0.293333 0.173333 0.280000
0 0.354444 0.268333 0.166667 0.363333
0 0.276667 0.415000 0.144444 0.236667
0 0.450000 0.363333 0.108889 0.300000
0 0.553333 0.301667 0.137778 0.356667
0 0.651111 0.268333 0.133333 0.270000
0 0.742222 0.308333 0.128889 0.410000
0 0.871111 0.413333 0.168889 0.446667
0 0.784444 0.701667 0.137778 0.390000
0 0.663333 0.670000 0.162222 0.346667
0 0.543333 0.763333 0.180000 0.413333
0 0.371111 0.640000 0.106667 0.300000
0 0.277778 0.711667 0.124444 0.250000
0 0.168889 0.648333 0.071111 0.283333
