0 0.236667 0.218333 0.286667 0.223333
0 0.503333 0.200000 0.220000 0.213333
0 0.837778 0.226667 0.324444 0.213333
0 0.838889 0.418333 0.322222 0.196667
0 0.511111 0.418333 0.324444 0.210000
0 0.276667 0.426667 0.384444 0.220000
0 0.242222 0.581667 0.297778 0.170000
0 0.227778 0.775000 0.291111 0.123333
0 0.226667 0.925000 0.262222 0.150000
0 0.526667 0.580000 0.275556 0.186667
0 0.492222 0.756667 0.260000 0.120000
0 0.524444 0.920000 0.240000 0.160000
0 0.853333 0.585000 0.293333 0.156667
0 0.836667 0.773333 0.300000 0.173333
0 0.804444 0.933333 0.280000 0.133333
