0 0.183575 0.160256 0.135266 0.205128
0 0.294686 0.203526 0.164251 0.214744
0 0.439614 0.152244 0.125604 0.246795
0 0.570048 0.211538 0.154589 0.262821
0 0.695652 0.195513 0.154589 0.282051
0 0.850242 0.205128 0.106280 0.288462
0 0.101449 0.477564 0.106280 0.153846
0 0.256039 0.453526 0.144928 0.208333
0 0.420290 0.498397 0.125604 0.201923
0 0.555556 0.453526 0.086957 0.214744
0 0.681159 0.495192 0.135266 0.163462
0 0.835749 0.448718 0.144928 0.160256
0 0.743961 0.665064 0.164251 0.182692
0 0.502415 0.676282 0.144928 0.179487
0 0.239130 0.682692 0.178744 0.211538
0 0.123188 0.818910 0.140097 0.233974
0 0.374396 0.822115 0.130435 0.221154
0 0.596618 0.842949 0.159420 0.205128
0 0.852657 0.860577 0.178744 0.150641
