0 0.774359 0.184641 0.164103 0.147059
0 0.817949 0.361111 0.169231 0.173203
0 0.825641 0.558824 0.184615 0.189542
0 0.879487 0.717320 0.179487 0.160131
0 0.866667 0.841503 0.143590 0.107843
0 0.707692 0.787582 0.143590 0.189542
0 0.602564 0.810458 0.148718 0.143791
0 0.482051 0.813725 0.205128 0.156863
0 0.430769 0.625817 0.112821 0.212418
0 0.528205 0.354575 0.153846 0.147059
0 0.492308 0.501634 0.153846 0.147059
0 0.338462 0.501634 0.123077 0.173203
0 0.220513 0.625817 0.112821 0.166667
0 0.230769 0.333333 0.123077 0.209150
0 0.305128 0.173203 0.097436 0.111111
0 0.410256 0.073529 0.102564 0.140523
0 0.607692 0.084967 0.087179 0.163399
0 0.512821 0.181373 0.071795 0.127451
0 0.092308 0.165033 0.143590 0.127451
0 0.115385 0.361111 0.097436 0.127451
0 0.151282 0.495098 0.117949 0.114379
0 0.058974 0.503268 0.107692 0.163399
0 0.194872 0.838235 0.102564 0.205882
0 0.312821 0.738562 0.174359 0.189542
