0 0.288066 0.197977 0.090535 0.101156
0 0.419753 0.189306 0.131687 0.101156
0 0.576132 0.196532 0.106996 0.150289
0 0.691358 0.183526 0.131687 0.124277
0 0.304527 0.325145 0.131687 0.118497
0 0.442387 0.343931 0.119342 0.138728
0 0.580247 0.345376 0.106996 0.101156
0 0.718107 0.330925 0.102881 0.124277
0 0.195473 0.669075 0.119342 0.193642
0 0.376543 0.683526 0.209877 0.210983
0 0.609053 0.695087 0.131687 0.228324
0 0.792181 0.684971 0.160494 0.213873
0 0.792181 0.890173 0.119342 0.219653
0 0.600823 0.908960 0.197531 0.182081
0 0.415638 0.890173 0.123457 0.167630
0 0.232510 0.887283 0.127572 0.208092
